ΔΟΥ 1418 Aet

11111... <qh 11111, 11. Androm. 101. 11111911. 1111.. ibid. 1271. 1111.. 111.
111 11111111 11114 111111, 1. hond. 1891. um 11111, 111. 1111011. 11117.
1111111111111,1. 00. 56. 0111. Androm. Δ111111, 1111711 ἄρ’ 11111111, 111. Alcen.
99. 1111111 111 11119111, 1. Τ1116. 654. ζυγὰ 111111, 1. Τ1οι11. 009.
1³02 · · 111... ...111 11111111111111141.

Δ11111111. 11 “u 1111ιῦ111111, 1. 1110. 415. 116111 1711111, ibid. 565. 1 xpp-'m 111-
111111 111171111111 1111111111, 11116. 745. 111 lm, 11 dms, 1016. 655. 111111 a.
1111111111191171, 1. OM· 419. 1111111111- 11917 111 Anno, 1.·01011. 1587. nl· 115-
1111111 1311111, 11116. 997. 11111 1111111111 mh 111 ἑῆς, 1016. 1558. 111 1117111, 11. th
11. Phoen. 570. 11111 11111 11111111 11111171, 99. 11111 ea· 17111, 11116. 405. 111111 91,
1016.556.111111111’111111111111111111,11116. 1016. 687. 111111 buy· civ 111111, 111.
1699. 1111111111111111, 1160610111. 165. 11111). 1244. 111111 mm 1111111 naq, iv.

' 11111111111111911111711 1, 11116. 919. τᾷ 5111111775. 11111111 11111117111111111.
1χ11111111111111, 11. 1111114111. 450. 111111 you, 11. lph. Aul. 515. 111 111111 111

111111111χωὶ6. 1055. caydoch- 1111, 1016. 880. 117111 1111111 1111, v.

1111111 1. 194. 111111111111111- Trmd. 943. zm 11 11111 1171111111, 11.
1111111, 1016. 959. 11111111111191113111- Βωώ. 616. 111111 171 1111,11116. 1016.
11111, 1016. 669. mg& 111111111, 1016. 1111111111111,11.(1101.79. 111111111111
957. 0119 11111111,1016. 967. 811χῆ 1111111 1111, 11. Helen. 759. lurni·
111111111111, 11. Cyel. 708. 111 1111111 1171 111111011171111711 11116. 1629. 116. etim
111111,11.Η11111. 1497. 01791 11111111, 1111ηά111116. Fr. 111. 9. 117 9117 11-
111. 1011. 181. 111111. 550. 1171 »gamm 1111111 111111, 111. 1011. 912. ‹3- 111191-
1111111111, 111. Δ101111. Fr. m. 9. 1111111- 111 111111 11111111 mn, 1. 1. 1. 11116. 855.
1111111111 111117111 111171,11. 1111011799. 15111111111114111, 11116. 970. 1111111111
61111111. 1111111111 111, 1. 01011. 915. 117111, 111511011699. 111111 stachen
1111111111 111111, 111. 1011. 748. piam, 11 1171111111, 111. Alu. Fr. 11.
Ammin- 111 11111111 «11111111 111111· 9. 1111111111 11111, 111. 51011111. 111. 11. 1.
ein, 11. Phua. 406. 11191115111111111111, 111911 111111, 111. 611101. 111. 111. 5. 111-
11. 1110011. 869. τῇ 1111111 1111111111 1111111111117111 1111911 111111, 111. 111111.
Herc. Fur. 1549. Fr. ver. 1. 117111 119111 1111111 11 111191
611111. 1111111111 111111 111111 11111911, 1. 117, 111. 1611111. Fr. 11. 1. 111111 M
1101.48.11’1111111911-111111,1016.1ω. 1111111, 111. Melengr. Fr. 1111. 9. 111111
111 1711111111, 1016. 957. 11111 9111171111, 111 11χ111, 111. Ρ11111ι.111. m 1. 111
1116. 490. 11111, 1111111111, 11116. 495. 51 111111, 111. Syl. Fr. 111. 3. 111 17111
11111 1111171911 1111111111, 11116. 550. 111111111911171111111111111111. him
111111 111 1111111111, ibid. 799. 11111 01116711111711111111111. 1.1.1.Ηω.
11911, 11116. 797. 111111111111111111.11)16. 954.11111111711’1111911111111111111711 ⁸
1955. 111111“91111’ 6115111111, 11. An· 1111111ιᾶ111, 1016. 999· 11111711 dost·
610111. 19. 1111 111111, 11116. 155. 111111 1171. 11116786· 11111111 11111 εἰς dm
”3⁶ss ’.11111111 1611, 1016. 401. 11111 horest. 'loauzemu‘et 11111111 ξ

1171;.1ῑ111..τ”.2,;111.; ’. 1111111...
e' ffzm, 1.Τ1016. 9711. cf. ver. 1969. 114. 11110 9111111 91111, sc· 1111111111
11111 usinum, 11. Helen. 974. 17 111 ign, 11. 611111.979. 1111111111 111111
111111111χᾶ11111111111111, 1111011. 1861. 111111, 11. 010194. 111 nfra 1111111111·
111111 0919111111 111111 11111711, vii. 1111111 1111111111, 111111111299. 1111711
Electr. 1004. 111111 111111 11111, 111. 111117111111111111016799151α11640·
6111111. Fr. 111. 1. 1111111111,111.1Ε- 111 1111111 1171 1111111116. 1497. 1111
6111. Fr. 1. l. 111 1 11 1111111 1χ11, 111. 1111111111.171χ111.1111, 111. 1011. 855.
8111111. Fr. 1. 7. 2) orm. 00111111. 11711. mim 111 11171 1111111111. 111.
1111111111 11111, 1. Ηθο. 479. 11111 111- 11010. 11011951. 11111111 1111111111 1111-
113 1,11. 1111110319. Ἐ11111111111111, 111111, 11119101. Fr· 11. 4. 11111111 1171
11. 51161001. 114. 11111 111111 1111111 117111111111115111111, 11161αο1011. Fr·
«11111111, 1016. 859. 11111 1111161611 1111- 11. «171116111111111, 111· Aletum 111.
11, 1. Iph. Taur- 159. 111111 111111. 1. 9. 1111111117111711111ᾇ1,111. Alex·
11111 1117111, 1. Τ1016. 140. «ᾇ «171- Fr. 11. 9. 1111117111 11111111111113111-
11111111111119 1, 1911111111. ‘mi
11111111, 1016. 955. 8119111. mahog& 1111111, 111. 11111111. Fr· nv. ⁴· 1111111111
111111 1431111. 11116. 955. ipis 6171111Ι 11111111 1111111111 116171, 111. Malav-

 

