ΔΕΙ 199 Am

111 11 1111111111, 1010. 866. 1111 1111111111 11118111, 1. Τ1010. 488. 1111ἰ1 10111111
811111, 1. 11011. 980. 1111111111 1111101011, fita, 11. Bacch. 949. 1111171 11101111, 11.
111. 100. 689. 1101111 1111111101 111111 1111111. 518. 1111111111 1111110111110111111
11181110. 884. 1111111111 1110110110. ud, vii. 1111111. mun. et vii. Fr. inc.
6. 11111111111111111117111. 80001. 564. B. 11111. l. 11111101 111111, 111. Epist. u.
1111111111 1111, 1. 11011. 80. 0111111111 111- 1111. 19. 11111111”8118111,11. 1111111111.
11111111’11111,1.1111. 54. 1111111111 1111- 111111 11101, 11. 111. 640. 1111111 1011-
11111111111, 111. 11100. 1055. 110. 1111111 10111111111111010855.1111ᾂ’801111111
, 11. 81101010. 997. 11111111. Η100.765.1111ἰ111λμ1,1.Ιο0.
Δ111111111811. 1001111001, 11. 81101110. ’101111 869. '⁹235 11111ι 01101, 1111111111·
11. 914. ’md 2⁸12, i. 01111 255. et vii.
Δ111,01111111, 11. 80010111. 419. 1101011· Electr. 1968. 111111171111111 amedu,
0111101111, 11. Bacch· 481. ιβ11111(1.0. 1. 01111. 794. 1(111111111,11. th- 891.
1111 11.) 11 11101111, 1010. 486. 11110111 111111 111111, 11. Med. 901. 11 111. 1011.
11ἷ1, 1010. 496. 1011 1171 01, 1010. 497. 1505.11111111111χ11,11.811010111.1194.
111111 gfff, 11. 1111111811. 11711 1011111, 11111 11111111, 11. 100. Aul. 55. 1111111
111. 100. 1409. 11111171 11111 011011, 11. 1χ111111,1.100.Τ101.988. 1111111101·
1111101. 861. 111 01111111·Ι 111’, 111. Hem. 1111111 1101111111 vigne, 1010. 1055. 111111
Fur. 1115. 1111111111 11 111φᾷ 10111χο 81111.111.8111011.1950.1111ὂ1111191111·
11. Cycl- 984. 111111 111111111111101χ1, 111, 1010. 1849111111 pi, lm) 11111111
111. 11100. 159. 117111 1111111 11111111, 1. 8111111111, 111111 111111μὸ1, a· 1111111.
Rho. 615. 1111111 1111111110 11111111 111. 1110. 1111. 1. 9. 111111. 11111110. Β.
118111,111.Η100.1959. mlx. 9. 1011 11 111111 17181111 11111.
Δ111111 914116 κψὰζ, 11 Hoe· ³⁷9¹ 111111 514· 041111 ἠμί, ibid· ⁵81· 1111151 11 γε
011111, 1. 01111. 1550. 11111. 11100. 456. plo, 1. 1. λ. 1010. 590. 11111101, m
11111111 01911, 111. 111001915. 1111111111· 11611111 1111111117, 1010. 884. 111111 11
1101101111, 1. 01111. 1554. ef· 11. Ρο010. 1911811, 1010. 879. 11. 111. 878. 11171111
59. 1110111 111111, 11. Med. 585. 11111 1111110111,1.1.λ.1.01111.1.11 111111
111111, 111. 11100. 98.1111111170111,11. 00. 1111 11108111 001191, 1010. 991. 11111111
8111. 808. 1011111011111111111,111. 11100. 11111111, 1010. 765. 1111111111χὸν111μζ11
995. 08 11. 811001. 915. 111111 1121111111, 1111111 1011111111,1010. 1569. 111111 01-
11. 80001. 714. 11111 11111 111111, 11. 100. 111111 11 111111111101111, 11. 110011. 866.
Aul. 480. 111111 amm, 1.1011. Τ1111. 111111708011111111101111, 1010. 885. 111111
1880. 111111 1111111, 1010. 1595. 111111 1 1μμ,1010.464.1111111χ17111111111 ’
11101, 1. Τ1οι0. 496. 111ιᾷ 811110 111. 1111111011, 1010. 789. 10101111 111111,”
11111010101945.1111111111111,11.111100. 1894. 11118111 1111111 111νᾷ, 1010. 1519.
844. 11111111 ageres} 111111, 10111. 849. 111- 11 11111111 111111, 11. Med. 557. 1011111
111 111, 111111, 1010. 959. 11111 111 111111 11 111111, 1010. 404. 111111 10011, 1010.
1ξ111λ111111,110001989.11111111111,1010. 1118. et 10811001. 1089. 111111 11811ρ’
679.11111101911111111810111111,111111111. 11111, 11. Med. 1164. cf. 111. 1199. 11 11.
867.101711111111,111, on. 959. 1111011111 Bacch· 749. 11 u* 111111 tow-1 111.
1111181111,111111111’1111,111. Herc. F ur. 11100. 899. n* 11001111 111111, 11. 81101001.
866. 1111110111, 1010. 1098. 111111 1111111 977. 111 11111 111111, 1010. 1054. cf· 11.
111111111.,1118111111989.1011111111· 100. 8111.197.11 1. Τ10110. 961. 11811
71511111, 111. 8001011110. 8111111. 1. 8111 1181111110111, 1181100111. 10111811·
111111,111.80118. 1101111. 9. 111191 11· 110111,1010.777.111111, 11110111111010-
1111,1.01111.557.111111χ11111-111111, 111811 11101111 nixu 11, 11. 1011. 8111.
11. suppl. 959. 111 1111171 110111, 11. 100. 576. 111117 1111117, 1010. 597. 111111 11 1111πῆ
8111. 51Χ). 11111111 101111 1111110, 1010. 1010917. 1011111111,1010.1557.111415.
1455. 11111111 11011, 111111111671. 111- 11111. Alex. Fr. 111. 1. et 11181110.
1171 1011111111, 1111111111. 1954. 11 111111 11114.10111110111111111111,11001001.
1110111, 111. 11100. 111. 11. 9. 11011111 891. 111111 11111111, ibid. 1099. et 11.
1010110110, 111. 11110011. 111. 11. 9. 111111 Cycl· 196. ινμμᾶχσκ 11 111111 111111, 1.
8111, horest. 595. 1111111 1111111111, 11. 11010687.111111110111111111,1.Τ1010.
Phoen. 1976. 111111 0110, 11. 11110. 45. 11111 618. 11111 11 111111 101111, 11. Bacch.
1001, 1010. 590. 11111. 100. 111111. 988· 484. 5λο11 111111, 10111. 1950. 111 111111
ξ11111110111ὂ1111111,11111100988. 111111 11811111 111111, 1010. 1841. 11 111111,11.
-111 11 111111 01χῆ 01111ιὸ1, 111811- Cycl· 197. 111111115807101111111111111·
(110111. 159. 11101111 ’111,11.811001.795. 011171, 11. 1111101. 469. 1010111 1011 11
1111111 1111111, 1. 11111. ’111111 15. 1111171 111111 11111, 1010. 569. 111111-1111111Ὴ
11 1110111111 111011, 1010. 1084. 1111 χ81111118111,1010. 759. 111111 111111.1“

 

