AIK 158 Ant

911, ibid. 609 11111111 111111, ibid. 741. Aen-1031. 1111111 9111111111ιᾶ 1151111111.
1111111111-11911111111111, 11. (1101479. 656. 111Ἒλλιὶι111 1111 1111111 1111111111
11 11111111 1, 11. 1101001. 954. 1111 11· 11. 11011101. 191.

111111 111 1111111101 81111 10111. 955. ξὺν 81111111.ι1111111111111,1.1160.1118.1111111
111 11111111, 1018. 551. 1111 mo 11111111 1111111111 10181986. 1111111111111111111·
111111,1018.569. 111111111111111111111111 9111,11.Ρ111011. 580. 1111111111 111 111111
8111111, 1018. 417. 1111 111011111811111 1191111111, ibid. 1664.11 1111 11111111, 11.
lm 111111, 1018. 547. 1111 11111110 111111, Med. 86. 1111 111 (im 1111γῦ 11111111, 111.
1018. 570. 1111111111111... ibid. 589. Alcen. 788. 11111111111111111111111111111111,
1111111111111111111111811111,11.1101011. iv. Suppl. 515. 1111111111 111 8111 1111
919. 1111111111111111111 1111111111, 1018. 1111111111 1111111111, 01ρο. Τιιιῐ. 799. 111
1090. 1111 11111111-11111111 1101111011 1111111111 8111111181. 1111068. 897. ef.
111. Ion. 445. 111111’ 1191111101 11111111 ver. 955. 1111 1111111111 111 1011111111
&Sym 11111111, 1018. 455. 11 μὴ 11111111 1111 lya 1111111 11. 1111101. 188. 1111111111111
11111 1111111111, ibid. 1117. 111111 1111- 111111111111 1111111, 1018. 775. 11111111
mov, ibid. 1948. 1111 111111119ιοῖ1 ie· 11111111 1111111111, 111. 1011. 574. 11111
11111111, 11111010. Fur. 809. 11η11111- 11111111111111 Bauius, vii· 1110011. 878.
111111, 111. Electr. 1017. 11111 111111111 1111111111111111111111111,1018. 1187.
11111, ibid. 1547. 1111 A( 11 111119ιῖ1 11- 81111111. 1111111η1111“11λ111111111’11 111·
11111, 111. Archel. 110111. 9. 1111111111 1171, 11. Suppl. 965. 11111111 11111111,
11χ111 pin, viL'cht. Fr. 11. 111 111111 111. 1101011111. 1141.

pam, 1111 11111111, 1111111111111, 111. 811111. 111111 11 &tipum 11111111111, 11.
11100010. Fr.11·‘.’. 1111 1111110111 11- Pboen. 650. 111111111111111111811111111,
γ11111111, 111. Inus Fr, x. 9. 111111 911111 111111, 11. Bloch. 590, 591. 1111111111
1111111, 111. 111011. 11111. 9. 11 1111111111, 911111111111111111 1111111 1. 01061. 986.
111. Scyt. Fr. 11. 5. 11111 11111111 1111111 11 111111 1111111101 1111111, 10181475118·
1ᾅ 111 11111, 111. Tenn. Fr. v. 9. 11111111 n 11111111 111111 811111, 11. Phoen. 675.
11111, vii. Fr. 1110. 111. 9. 11111111111111- 111111 11111111 111 11111, 1018. 678. ἔφη
111, 111. 111. 1110111115. 11111111111111· 1111111γ1111,1018.1489. 1111111111111111
mm 11111, 111. Fr. 100. 10119. 1111- 1111111 111 11181, 1018. 1504.

11111111 1χ11λ1γ11 111111 111ζ111, 111. Fr. Aluum. 511111 1111118111, 11.Ρο110.
1110. Β. x. 1. 111111 1111111111111111111, 1171. λέζ11911χ11111111111λ11, 11111010.
1. Hee- 789· 111111 111ξ11, 1. 01991. 11111·- 959.

1998. >fut 1111111111, 11. Ρ110111. 1954. Ab... 111 1111111 1111111111, 1. 1100. 791. Hm
011. 1111171111. 588. 1111. Helen· 958. dictio, 11111 1111111, legitur 1111111 11018.
1111111111 11ᾷ1, 1111118578. 01. iv. lph. 110. ver. 841. 10091055. 1119561.
8111ιὸ99· 0181111900. 1949. 11 Mum 01861. 570. 1155. 011614111118981895.
uim iii. Hipp. 699. vid. 11111111. 11. Androm. 51. et 1097. iv. Iph. 1101.
Rhe& 164. 10151 111111111011, 11. An· 584. v. Trond. 860. 11. Βιο011. 481. a

81001. 665. 1 ei· 11111111 111111, 11118. 81611.0111.101.1ἰ.1111101.801.071.

1151- 11111111 8111111 11111111 1100111111, 011095. vii. 1011. 1980. 111. Herc. Fur.
iv. Suppl. 955. 11111 111111, ibid. 447. 797. 759. 01858. vii. Electr. 969. 955.
11111 111111, 1018. 869. 111111111ἰ1 111111 et 1146. 111. (Ε1101 Fr. 11. 9. et 111.
111111, 11. 1101101. 159. cf. 11. Helen. Phryx. Fr... 10. 1111111101. 1111101116,
165901111100. 361. 1111111111 ὅ, 111111 1. Omt. 863. 111. 810011. 747. 11. An·
11111μ1111.1111101.495. 11 {ma 1111 81001996.111169.11.0101.687.111.
1111111, vi. 1111111999. 1111111, 1111 11. Ion. 44611 vii. Electr. 977. 11111111
11111111 11φ1λ1111111111,111.1·1010. Fur. 589. 111111 1111111, 1. Orest. 607. 1ᾗ1111111

etvii. 1111111101.111111111111111111, 1111, 1. 1100. 859. 1101111 1111 11111111 ’
111. 1111111175.1111111111111161051. 111, ibid. 1955. 11111 111111 11111, 1.
anuis, 1111111111. 1101111. 1. 1111111· Orest. 7. 1111191111111 111 111 11111.
111111, 1111311111. 1096. 11111111 1111 11, 1018. 411. 1119111111 11111111 >im 11111,
1018. 1949 111111 λ1ξα1, 111. Alex. 1·. 1018. 495. 1111111111 11111111811111, 1018.
111. 5. 1111111111 1111 1111111, 11111111 111111, 569. 11111111 011111 1111111111, 10181946.
vii. Inus 11113. 1111111 1111111ἷ11χ111, 1111111 11117111 1111111111. 1018. 1666. 11111
1119111111. Fr. m. 5. 111111 1111111111 11116111, ibid. 1667.1111111111111111γί1,
1111111111 nana.. vii. Fr. 1110. 1111. 9. 11. Phoen. 155. 111111 11 ux) 111 11η

· 11111ᾅ111111111“11χ11,111.1111001111. 1χ11,1018.469.111111111111111111111ᾃ1,

11111111, adverb. 111. Α100108180111. lph. ibid. 500. 111111 11111111811111, 111111
Aul. 1355. 111 ‘vdapdvsm 1111111110 1111111111111111111111111, 1018. 509. ἦ
1111180101. 974. 3 11111 111111, 1018. 587. 1111111 11 11111

 

