97

ι Γ

1111106610 61. 681 111611, 1. ΗΕ. 868. «1166186486. 16661616111611766κῖ

vj 8111161616 6ᾇ,1616.668.16116161’11.18· 11111166, 111. Hm· Fur· 968. 681

111, ibid. 99961111 6116161. 1616. 964. M 749. 661 rium 6111111 6116111191,
6661 611. 1. 01611. 886. et 1696. εἰ 111. 1616. 791. 61111166961111511616. 806.
11111111- 846. eui. 1166111. 867. ” 61616· 61111066 1661χ11, 111. Eloetr· 806161
1616, 1. ΟΜ. 956. 666116 02⁴3 93 981 651ἲῆ ιΕλλ6ιι’111,111’11. 1190. 16166816
,but 1368· ὖ zw, w γῆ 111Ῑὰ ¹⁵08· 08 fi, Vii· Ahmro Εὖ ¹110 ⁴·

11. Med. 148. [11111161 681, 11. Phoen. 886· 16911, adverb. pru 61911, v. 11016. 1096.
1661616611γῆ1616.868.7116166166661’61, 1616. 161 hs, 1. 1161. 14661 111. Alm-
1616.90811111.1 .1.11,6.,·11111.147.1111161 981. 6811 17116611 61111161. 61161. 1161.
,1.1..1..11.,1111.11611.111111111”. 898. ..1.1.. ..1. με.. 1., 1111111.
16166886611661116111616. 698. 611661 161 611111 16111111 61161, 1. Om- 897.

,1.,11.,1111.11ε.1,1....11.,1,1111 unm-:mm 111 ..1. mum ’

τοο. ,ε11...1.1..,111.11111,1.1111. 1,...1111 1111. 11.. wemma.
888661 1116116616161066. 01661617ἷῆ 666. 61116611 111111 61161, 11116. 686. 60111
1616. 1060.6111161666661161,11)16· ¹071· otiamur. 1168. 611911 61161, 11116. m
11 111116 a 16119 61111616· 1973. 11161111616111111. 16111.- 914. mnf«
1611161 6181611, 161 1081. 11 6ἴι, M 6111111 m· 968. 6111161666116166116 66161
11111... ii. 1111. 1111111111 111 ι..1..1.,6111111.11..1.,1.. ..11.

1111...11111.1111.11111111.1111. 11111611.6111..1.1111.·..,11111111. -

⁸ 161116 6ᾷ, 11. Ρ116111.1760.661 welf! 66111 111ξ 11111611, 1616. 1468. 66161111
11961, 11. Med· 661. 11 yffi 661 6611 161666 66161, 11116. 1768. 16111616 66166,
11111. 670. 1161 111 661, 11116. 766. 11. Med. 88. 66161 1111111716, 1616. 878.
1611611 6611 76116116666811186, 116111ξ11111 1661611186. 618.”87.11616 yd-
6116 611 111661 1111116111, M· 837· 1116166171, 1616. 6971611111 11 111811
16 66161161 661, 1616. lima 63 1616111 1116 66111 1111, 1616. 784. 11111111 61761,
11716. 1876. 0916161 16 681, iv· Androm· 161617501111111 66161, 11116. 791. 66161
869. mnam 6611 661, 1616. 1814. yfir 111 1111, 1166. 871. is 111.).11 61161 17111,
61861 ’111χ16911661ι Suppl- 681. 61111 11116. 1080. 616 661861 16 66161, 1616.
65111Ηᾶ 869. 1661 ylo, 1616. 1064. et 1041. 161 66761, 1616. 1866. 6611611661
Ι. 111Ηι8881711. Ion. 1440. et 111. Ε· 6161,11116.1686.661”6111161 111Ἐ61χ1161,
11111.114..11,1.·111111.,1.111.111 16111. 1681. 16166161, 111. Ηίρρ. 196.
771. lm 11 6ᾷ 1611111111, 1616. 1049. 6111116116. 611111 1111611611 11661, ibid.
’111011 11 631, v. Iph. Taur. 449. ’1111- 689. 6611661171 159111 1111111 61111, 1616.
1166161611, 1616. 1168. 611 61116111 61- 946. 111111 66161, 1616. 977. 11116ᾷ1 667111
661,1616.1848.61111 661 ³76⁰· 1111119611, 1616. 998. you* ’8616916116ίὰ 1096. 111
11116. 1868. 661 66116, 1616. 1860. 1661 611111966166111, 1616. 1888. mim
11161681 6111611. 1866. 661 661, v· 111101. 16166161, 11116. 1867. 119111 66761 611111,
848. 6111. 111161. 688. 111 811 66-11· 111. 1116111. 8. 11111111 6661 611161, 1616.
1111. 111111. 676. 161 6111 0616111, ibid. 107. 161 66161 6116 61ζ1161, 111111. 886.
717. 6666661161661,1.Τ1096. 164611 rhum 11661 1111, 11. Androm. 606.
16χ66111κοι 611, 1616. 996. 11111661 11. 6116 osa„ 16111 917. 6611 661711 616117,
’ W 611, 1616. 860. 66111 681 6111116111. 1616. 1141. 11176666 1111611161 66161, 1616.
848. 6ᾄ 666611, 16111. 861. 1161116 - u· 1818. xima 66161, iv. suppl· 67. 11111·
66691111 61,11116. 18891116116161161- vm' 1116611 111 61161 11161, ibid. 107.

161

1171961186. 1611. 111116 6111661116111, 61 11 66161, 1616. 817. 1166ιί611 11131 ’

1616. 1114·1.ἰι1111,11,11.111111ι. 64. 66ἲ61, 1616. 696. 16116611 11111 766111
68 6116111611111, ibid. 114. 61, 0111111, 611111, ibid. 661. 11 ydus 11116111, ibid.
61. Hmd· 748. 681 6616161161 611, 181616111166161, 11. 11111. 14111600.
1166. 766. 11161 6111, 1616. 771. 11111161 1161111111 116111661611616107οΛ6116
111111166666161611,11. 1111111511. 611- 1. Τιὀ16. 884. et vi. 6611804. 111 061-
6116651 161 yla, 11116. 684. ’16116111 11 6171 66161, 11. 11111. 11111168600111111.
661, 1616 686. 1161661811611,1616. 1167. cycl. 884. 'Eamus 6116116 , 11.]611.
3752ae 66116 681, 1616. 1986. conf. etiam 8111. 1569. 66161 11 1116111, 1111111. Tzur.
ΙΙ. 1484. 6ᾷ86661166ᾆί616. 1478. yfir 168. 66111 66161, 11116. 169. ’81116116
61611116.1611.916.111111111611116ἰ1,1616. 61161, 1616. 698. 66ἲ6 1111161166...
m 66116166111111611, 1616. 464. 61 611111, 1616. 1867. 116111 111 111 61111,
Vot- lx. N

 

