lm 281 1320

’91111 1110171117. χ711111111111,11.801111, 98611999. 1117 μιν 119171 7117 117111.
884. 4 1111, 111. Hipp. 1949. 711171 119118 11781,
Ἐ1111117ζ111-17111111711171111111717111· 11. Androm. 864. cupi? 119171, 11.
17111ζ11, 11. Helen· 1587. suppl. 909. 11111 119171 71, 11. 11111.
’9117911111 suppl· 561. Aul. 695. 71711171119171111, 1. lph.
’911171011111171111 1171711161111 114111, Taur- 890. 119171 1191177 117, 1. 111111.
1. Troad- 1049. 1117111 7711, ibid. 1567. 885. 17117111 119117 111171, 11111116,
11817111111111117119118,111.1011. 49. 649. 7119171 ’1711υῆ 11116. 986. 71111
'micum 11 7111111 1711191171 11617011, 119111 1, 111. 1011. 855. 111711 119171 71,
111. 1011. 789. 11116. 977· 119117 711111 71711111, 11116.
’91111117 1111171171) 11111, 1. Rhe!- 611). 1968. 1711191717111, 1111111118. 1171
’9119017611 11 1117111 111117 1111110. 119171 17111171111,117.11110. Fur. 1896.
698. 1111 edel· 1117711 1711111171 17111, 11. 7171717111191177, 111. AEg. Fr. 11. 717111
Phoen. 11111. 111771 171111, 11. Md. 119171 111. Melan. Fr. 11. 1. 1111111
1158. 7111117111-911711’1117711,11. ΑΒ· 119171,111. 8111011011. 111. 1. 9. 171111 119.

dmm. 9. 171 1117711 1111171, 11116. 697. 171,111. 11111110. 111. 9. 7117171 1191111117 -

1111111111111111 11,’.ῑ<.·1’;’.ῐ“.;ῗ;.”1;11111·
490. 11117711“7111111,11)16. 640. eous. 11. 11111110.Β.11.11.11911”11γ1171911,1.1111.
111001159911 111. Herc. 11111698. 171 880. 1111 «zema 117111 11911711 71117,
1117711117 111171 migma-262... 11. 111. Hipp. ⁴13. 1111911171, 1110610111.
Iph. Aul. 1546. 111 1117111111111 11· 196911) 119117111 111111, 11. 11111. Aul.
17111,1.Ιρ11.Τ1111.809.1’1111111 177· 609. uf 1191171 11717111, 11. 1111101.
111 1111171111, 11116. 1855. 171 1117 (10. 909. γ1μ171 bi 1191171, 11116. wo. Ιξ
17171), 11. Bacch. 614. 11117171111171 1191310111, 11116. 896. 1191711 111711111711)
17111111111111111-1117711, 111111101. 985. 1711χ7111111, 11. Helen· 1919. 11111111
11 mima· 1117111, 171 11771 1111, 11. He· ld 1191ὖ1 1711, 111. 1011. 699. 1191171
1011. 744. 77111711111117711, 1118110111 111117, 11116. 680. dmm 1191171, 11116.
514. 118 1111 91711 ’917111 611111- 117. 1190. 171 1711117 119117 1νγχ711111171711,
7111.1110.86.71111’1γ1’11711111’117- 11116. 1691. 11 aaa 1117711111 1171
711111-711111111111111, 1111106. 164. 111- 119117111, 111. Eiet-tr. 1085. 1191171 h?
7171, 1. Iph· Taur. 885. 1111171 1111171 7111771 71911 1711111911 17111, 111610-
1117711. 01111889. 1711νγ11171111711711 1111011. Fr. 1111. 9. cs. 111. 11111101). 111.
1117171, 1. Rha. 781. 71 {eamn — 1111- mn. 9. 1191517111171111111311111111111,
1171,1. Trud- 984. suff γ7111 1117171, 111. 9116101006. 11121119. 717γ11 119111
111. Ion. 985. 11111711 711771, 111. 811011. 1117111111 1111171 unffi, 111. Archel. Fr.
lm laam 171111 71111 771111, 11. ¹111. 7191171 7111171 119171 7111171 hymn,
8111111150. 11111 9117117 11671911, 11116. 111. 1111101131. Fr. x. 8. 717 17711 ἷ19111
1189. 1711 1171 119117111 71, 111. 81111ἡ. 111. 1.
Ἐ111χ119111117 11111711 1717 1171911111 8. 1111911711 171111, 111. Teleph· Fr. 11.
χ9711, 11. (7101881.171111,’711’11111911, 9. 1191ὂ111111771, 111. Temen· 11111. 9.
111.1011.1589.00111’. 111. Herc. 1111118097 71111911 1111171 111171 71’ tesza, 111.
17911 11 71181 171 11719 11911171, 111. 1. inc. 111. 9. 11 1191171 11971119
11110.1’111.551.111111711711111111471111, 8111811, 111. Fr. 1110011119. 11111-
· 118110111161111. 13. 719117. civ 17111, 11181. inc. cu1·'!.
Ι8191111. 1111671111 11971111, v. Τ1016. 77111 119111 11μ7ζ1111, 111. Hipp. 484.
984. 1191111γ111117ς, 111. Alces& 901. cf· 111.
’91971 1111111711 11717111 7711111 1197711, 480. 681. et 1109. 111. Cras· Fr. 11. 4.
iii 1111111. 169. 11971. u) 1711111710, 111. Inus Fr. vn. 5. vii. Melan· Fr. m.
7876. 106991119ῆσι111μ111, 11111111. 2 vii. Melagr. Fr. ιιι. 9. vii. 917111. ·
Ι Helen. 1908. M 111 axum.. 10232. unu. 9. mx· 8. 11 ι. 1. 11917111 11-
171111, 11116. 198911971111711111111116. 1171, 11. Androm. 691. eis 17119611
1996. χ1111711971111,111. Herc. 11111159. 111 119171, 111. 1111111. 111. 11111. 6.
171’ Aaou* χ1ὒ1’1197111, 11. 1111111490. 1191171ξ1111111711, 1111111101114. 97.
9) inde 1111110111. 7191117111. 1110971111 μ11119111,11. 111111. 1981. 7771711119·
1191117111 1711111111. 11. Helen. 1588. 116, 1. 1100. 599. 119171 11111 1717, 11.
’9197111 17111171719111,11.()101. 988. 10116111. 560. 17 7 119171 111171,1.
’819171 119171 17111. 1. 1111. 807. τιμᾷ. Τ1016. 746. 11ιᾷ 119171171111111111111,
171119171, 11116. 897. 7119171, 119171, 111. Ion· 1017. 119171 11 117111, 111.
mm um 111., im 111. um Η... 1....111. 111......11110
...11.,1 1111 101111 111111 116. 11111110 1. ..11111111 ..11. Anax.

 

