,11οο 517 ’ 01²0

χ11“111111111171,1016. 926. 11111- 11· 856. 9111111- 141111111 1111111511, 11.

1111111111111111111191111111111,1111110011. Androm. 75. 00111. 111111. Ttur· 1290, .

571. 91111111 111 1111111181 1111 11111, 1. 11111651 11. cycl. 150. et 111. 1011.
1111111199. 9111111111 xixa, 111. Fr. 1110. 808. 9111011111111111 111 11111, 1. 11001.
m. 2. 811111 9111111111 111151 111811111, 11.1.οι1111.1111111.111.111111.11111.
111. 1111111. 598. 1111 131 111111911191111- 54111111 11111 11111181119111111, 1. 1100.
1111111,11.1111610111.164. 13191111111111 885. 111βᾶ1 9111111 -1111111, 1. 11111.
12111111111111111111 1111911111, vi· Τιυῐ.1290.011111.1.111101. 810. 911111

1111111 100. ys, 1011111111. 1,...11101 ...11. ·

Ochum· 1 91111111 111 8111 puzo- 1811111 11. Med„ 492. 11111111 11111 9111111 (abiit),
(ned, 1161111111227. 1111 11111 91111111, 1161161010. 108891118111111111,911’-
111. Tem. Fr· xm. 2. 11151811 1111111111, ibid. 1067. 911

0111111111. 1191111111, 11111118, 111. Alex. 11111, 1. 11111. Τ1111. 155. 91111111 111 811-

1111. 9. 1111, 1. Trono„ 1068. 9111111 γ’ 11111111

0111119111·11111191111191111111111119111. 1111111111 - 11111111, 11. 1110011. 457.
11ζ1111. 1100. 256. 111119 11211111, 11. 91117111 1111111, 111. lom 865. 11 15111
1101001. 680· 911111ζ1, 1. 849. 11. wan, 1. Orat· 884. 00061111101101.
Med. 1508. et iii. Hipp. 1258111181 708. 5111, 11119151111. 11016. 1515.
1111911111ζο 111. 1111111. 706. 111119111- 11 ’91111111οΜ §pals 1. 01011. 712.
w( 711, 111.1011. 260. 111111 111 ,11111111 911111 111 1111, 11. Med· 159. 00111111.
11 91111801 1111, 111. Dict. Fr. m. 1. Androm. 1208. et 111. Hm. Fur. 478.
1’.·.1·;1·ί1.ῑ.;1.1111.1111 11111111111110110
011.792.111111111111191111111191111111 11116. 1178. 911111 11111, 'futla
111. 1110011789. 81111171, 19111111, 91119- 1198. 11 11 1111111 lardum 9111111, 111.
8111119111,111.111111. 878. eie 1111 110108110591. 1111111111 11011911111,
1911111111, 1. 11006. 1059· 11111111 111111 111. Tem. 11115.

111 1111111 111“ 1111111, 11. 61161110. 011111. 11 91111111 111111, 1. 01011. 1250.
82. 11111171111111 911111111,11.Ηο- 9111111111ξ1111 1111111111 1111111, 11.
rael. 248. 1111811111911111111, 1111001011. , Androm· 1088. 1111111111 1111119111-
627. 1111119111111111111111151116101. 111, 1. Rha 5. 9111111 “0⁸ ’111111 1111.
165. 11111 11111111 911111611111111911, 1. 111111, 11. 1101011. 1676. 91111111 »fin-eeu,
Trou& 1224. 11119111111111111111111- 1111110011. 616.
111811,1.Ιρ11.’1“11111. 544. (01111111. xie! 1 11 9111151111610011.

0111111. 111911111111111111191117, 11. 85.1111111111111111119111111111111111-
Med· 47. ξυμπιρᾷιω 9111111, ,1 9116111111, 11, 11. Suppl. 114. 9111111111 91111111 1311
ibid. 542. confi 101. 847. 1111619111111, ’01111111 1111, 11. cycl. 68111111· 1591-
111111. 1031. cons. vii· AEol. Fr. xv. 11 11119111111111911, 11110190111111
1111 abrit 9111111, 111 1111111, 1χ1, 11. 1111, 111 1’ 11811111 1111111111111111
Med. 1298. 1111 9111111 imm 111111. 11111111111110011. 1159. 11111111 1111-
Tuur. 187. 1111111111111911111111111, 119111161111111,1.111100. 520. 111111 111
11. 1101101. 620. 9111111 11111811111111, 1111111118 1111111111 1181111, 91111171, 11.
ibid. 684. 1111111111 1111119111111, 111. 1101011. 741. 91111111 111· 111111, aulem.
111106. Fr. 11. 8. 11111111 1111 11111211 27. 8111911 ’1111 11111, 111. 8011101
11171911111111111.811110111111111. ιν. 106111. ’111101111111116111
9111111111 β1111111111,1. 1110. 624. 111111- 111111 111111 11111, 11. suppl. 910. 11
111111 111 9111111111191111111, 111. Hipp. 11111111- 1111191111 11,111. 11010. Fur·
418.1111101111.1“1.11.1.11’11 9111111111 899. 9111111111, 111. 110011. 695. 9111111·
111111, 11. lph. Aul. 646. 11 911111111 1111111 (pmic. 11106.) 91111111 111111, 11.
11111811, 111. 1011. 585. 1119111111118111 Androm· 1124. 110191111111111011911-
(cru, 111. Scyt. 11111114. 111 91011111 111, 111. 1011. 605. «11811111 1111111111
111111119111,1’1111111111111,111.Τ1101.1“’1. 1111171, 11. 11111. Aul. 758. 11 ’11111 1111
11. 2. 111111 91111811 111111 11118111, 111171 911111111111 (sc. χ111111), 1. 1100.
111. 11ρί1111. 1111. 20- cons. 111144. et 981. mim 11111118’19111111”1“ 11111111,
1111. 69. 11. suppl. 1041. 1111 1911111111 1111111

ogomuin, 1. lph. 11111469. 9111111111, 1111101. 760. 111118, 1111 11111·

Φ aaa. 91111811 1111611, 9111111 1118111. 1911111819111, 111. 1011. 1889.
1100159. 11111111111111111111 11111111, 6111111111. 11191 11111111 111111 81111111
11. Med. 720. 9111111 11111111 81111111 9111111111 11511111, 1111011. 518. Nym,
11191111 11111111 1111111, 11116. 1105. 9111- 11111111911111111111, 111. 810011. 798.

111 11111111 111111, 111. 610011. 9101. ver. 01111111. 9111111111181 9111111111ω1χΐ1,

 

