‘ 11110 363 11111

111χ111111 1111111 111. 1911501110- 1115101· 1115111111, 11. Cycl. 552. 11151111,
111111 1. Τ1016. 466. 1111 111151111511- 11116. 485. et 665. 1115115111, ibid. 167.
11111511111χ17111 11. 1111111150. niza (1595.

111 111ἱ1 'f 11111 11111111 11151111, 110101. 110ζὸ1111. ’11161 111-111 1111111, im
211. 1111 111 1151111111 11111 111611 1111 1111ζὸ111,1.1100.1101. 11111ζὸ1111 11511-
1111χ1111111111,11. ΗετιοΙ. 161. 11111- 111, 1. Rhes- 846.

’ 111111111151111, 11. Helen. 1680111511- Μιίλιγμι. 1111-1111111111111 11111111
1111111111111111, 11. Med· 749. pisa& 1111111111, 11181111. 5111112.
1111111111111, 111. Herc. Fur. 627. 1111 Μ1111111.111111111111111,11.111111111254.
11 1115111111, st· 1111111111, 1111111101. 1111111111. 1111111111 111111 111111 11111
510.1115111111(1)01. 1110. 111) 11111111. i· 5111111, 11. Iph. Aul. 1525. 1111111111
01011171. 11111 111111 1111111 11111511· 11η11111111111111111,11.1101011558. ”
111111, 1. 1100. 400. 1111711 11χ111111111511- Μ111γχ11111,111. 1110011. 450.

111111, 11. 1110111529. 1111111151111111 Μ1111χ11111. 1111111 1111ιηῖ11111, 11.
1111111116. 1675111111111111111111151- Phoen. 585. 171 11111γχ11111 111111, 111.
1111111111, 1111111111. 816. 111111 111 111511- Ε11111.511. 111111 11 mmmm! 11111,
11111111. 1111111. 967. < v. Rbes. 959.
‚ 11151111111111 11111111 11511111111111111. Μιλιγχ1111.1111γχ13111 Ε111111111, 1. 0·
Aul. 546. 11111γ’ 111 111111 11111 χ11111 1011. 515.

1115111111,111. Bell. Fr. xx· 6. 1111 11111 mnaseas. 1111111111 111 11115111, 1. Hec·
111111, 11111 1151111111 111111, 111. OEnei 1084. 11’ 1111111111 1111115111, 1. 0181.
Fr. 1. 5. 1115111111 6111111 1115111111, 111. 579. 111 111111 111115111111171 11116. 1265.
Phryx. Fr. ιι. 4. 1111 1111111 1111111 1115- 1111 11111111117111 1111151111 1111116. 155.
1111χ111111 1111111 111111, 1111110011. 175. 11111 1111 ’11 1111115111, 11. 1411610111. 915.
1151111111 111111, 11. Med. 894. 17111 cf. vii. 11110. Fur. 557. 1111111111(
11111111 1115111111111111, 11116. 9011115· 5111 abluunt, iv. Iph. Aul. 1160. aban·-
1111111111,11116.1292.1115111111111911- 111 riu 1111115111, 1. 11111. Ταυῐ. 569.
1511158001. 952. 111111 1115111111 11. 11111111111ᾇ111115111, ibid. 1217111111
511 111 affixam, 11. 11111101. 488. 1111 γῖ1 1χ111 11115111, 11116. 1259. 11111111
111511111’11γ1111111, 11116. 796.11111111- 111 1111115111, 1. Τ10116. 1502. 111 111111
111111χ11, ibid. 955. 1111111111111115111 1111111111 1111411, 1. 1100. 644. 111111 111·
1111γί111, 1. 11111. Taur. 776. 111111111111 11511, 1. Orest. 750. 1111 β1111111
111ιῖ1 11111111, 11. Helen. 1441. 111 111111- 11111511 11111μῆ11, 11116. 1284. 1111111
111111 11111110. 11111111,1.11111.Τ101. 11111111 - 111 1111151111, 11116. 1549.
1178. 51111 11 1111111111 111111, 11116. 1111111 1111115111 1111 ’a' 11111111, 11116.
552.11111111111111111111,11.1110011252. 1564. ’1111111 21111 1111151111 mim
1111 1111111111 1111”1111111’11 χ51111, 11. ibid. 1701. cons. 111. 1111111. 746. 11111·
Med. 551. 111111111111 11011. 1. Rhes- 51111111111111χ1111,11.1111011188.ὴῦ
291. 1111111111 111ὅ1, 11. 1101111855. 1111 11111511, 11116. 506. et 111. Hm.
111111111111 11111, 111. Alcen. 21. 111 χι( ur. 10111111111111511 1111 01111111 51ῧ1,
111111 11111 11111111, 111. Ion. 586. 11. 1111011578. 111111 1111111ζ111’7ξ11 puu-
aedzq 1111111101 11111 1111 1111111. 51111, 111. Hipp. 171. 11111111 1111551111
(ma, 1. orest. 155. 111 11111 χ51111 111511 511511 1111111111, 11116. 1549.
1111111111 1111, 11. Bacch. 49. 11111511· 11111 1111115111 1ὂ111 111111, 111. Alcest.
11111 5111111, 11. Phoen· 7511111111111- 2500111. ver. 255. 1111 1111151111, 11116.
111111111111111, 111. 11 ίρρ. 1110. 111511- 26. 1111511111111151111, 11116. 77. 111111 111
111111 1111111111, 111. lon. 1507. 1111111111 11111111111111151’ 11115171-111111, 11116.
11111111 1115111111, 11. 1)11111.10. 11111 5891111111 11111111-χ111111 1111115111,
1115111111, 111. 1110111. 1141. 91111111 111 11116. 87611111111511, 11. Androm. ⁴8³.
111111111511111 117111, 111. Elem· 1900. Ἀχ111111 1111111111511,11116.874.111-
111111151711 1111111111 111161, 11.Β10011. 11151111 11111, 1151111111. 992. 11111111 7111
1260. 1111111111151111, 11116. 1106. ‘ris 0111111
111511μῆ111.111111111511111111,10. 111111· 1111 1111115111, 11. 11111111. 270· 1111111
1111111, 11. Bacch. 919. 11111111151111111 1111151111 11111, ibid· 678· 5! 1111111411.
nai 1111113111 111111111511111611, 111. Al- ibid. 655. 111115115111, 1. 1111111111. 69.
cat. 814. 11 1111111 -1115111111111511 111 7111111111111511, 11116. 577. 11111111-
111111χ11111111ιφ11711, 11.Μο6. 2601115- 111 11111111 15111111 1111511111, 11116.
*1111111511 μ1χ5111, 11116. 445. 414. 1115111, 11 1111111 1χ111 11111511.
11151. 1111111111 1111111 117ζ1111111151, 111. 11116. 695. 11 1111151111-11111111111,1.
11111171311111111191. 11. Cycl- 149. Τῐοι6. 165. nel Δι11111ι 1111411, 111111.
111 1111111111 11151, 111. 10111198. 837. 11111111 11111511, 111111 1290151111

 

