11111 ’161 11111

ὦ ff· 98701992. 111111111461Ν11, 9114 01111, 111. Herc. Fur. 1026. 11911
i. 01111. 255. cf. vii. Electr. 894. 11 911911, vii. 3211 Fr. 1 5. 11111111 11
11111111 bs 1111111 r) 1111 1111111, 1. 010111. ’41111 11χ’1111111,11.Ρ110111.260. τῆς 1171
472. 11111 ’γ’ 1111111 911111, 11116. 758. 1111 11111111 11111111 γ1γ11111111, 111. 111111). 659.
111111101111111111111111, 11. Phoen. 1577. 911111111111 1111, 11. Androm. 257. At&-
ef. 1. 11111. Taur. 1296· 11 1111111 11111111 911 1111111, 111111, 11116. 990- 17111 111111
1111, 11. Med. 79. 1111111 1101111111, 11116. 1111171 1111 1111171 111111111111111,11.11111.
502. 1111111111 1111111 91111, ibid. 674. 1111 Aul. 894. 17111111, ibid. 675. et ubsque
111 1111111111 11 1111111111 11111111 111111, 11, 11. Helen. 810. ‘0²76’ 1711111 11111111,
111. 1111111. 1551. 111111161111111119 11, 111. 11. 11111. 14111970. 111111 17111 Myro, 1.
Alces?- 141. 1111111111, 1111111 111 111 Rhe& 142. uiri ‘y‘ 111111 11111111, 11.
11111111 11. 81111111. 1062. 11 11111 1111111· 1101101. 270. 1911 11117111 11111 11111917
1111111111,1’1.1121. 14111671. 1111 11911 φ111111, 11. Helen. 92411111 1111, ibid.
0115 1111111, 11116. 89). 119111 usu} 11111111 1194. 11111111711111, 111. 1011. 709. 111
stuf, 1. 11111. Τωῐ. 548. 11111111 111 1711011 111111 11111111, 111. Herc. Fur.
1111111, 11116. 957.1111χ11 1111111, v, 1111011. 861. m 1111 11111 111911, 111. Electr. 546.
679. 11111111111 11111111, 1.Τ1016. 678. 111111111χ111111111. Andromed- 91...
mlssuzrdwm 1111111 611131, 11. 61111. 11111 111111011111, 1. 1100. 269.
.464. ἄξι’ 1111111, ibid. 466. rim 61111111111111111111111, 111. Alcen. 545.
1111111111 mir, 11. 11011101. 649. 6111111111 11111 1611611111, 11. 81111111. 899. 1101111
1111111, ibid. 945. 11111 11111 119111 11111111, 11. 011 11111, 1. 11111. Τ11111. 818. 11111111 17111
1101011.821.1111111111111111111111,11116. 922. 111111γ11111μ1111, 1. Τ10116. 922. 171119111-
1111111 1111911111, 11116. 1522. 1111111111111 111, 11. Bacch. 55. 111χ11111111 1111 ro?
-11111111,111. Antiop. 11111111. 2. 11 ...111111111111202 111111111111101111·
1111111111111111111, 11111111 1111111, 111. Fr. 111 1171 1111111111, vii. 1011. 587. 11
1110. 11. l. 11111“ 11111111, .01·011. 1182. 11111 111111 iim φ’ 11, 111. 1110011. 1062.
1111117111,11911110.52011.111111.654. 11111 11ξί111 1111111111,111.1Εο1. Fr. xx.
111111111’11111111111, 111. Α10001. 455. 111111 2. 1111111111111111, 11111100. 110111. 1.
11, ibid. 1126. 11111 117111 1ύγχ1111 111111, 11111, 11. Helen. 11.
1061161001. 951. 11111151111611111141111, 1111111111. 011111 1191111 1101111 11110111, ii.
11. 11111. Aul· 1065. 1111111 6111111, 1. 191011. 1559. 111ολ11 11101111, 11. 1101011.
11111. Τ1111. 1049. 11111111 9113111111, 11. 84. 1711111111, 11116591. 1111111111111111,
3111611174. 11191111 ' 191111,11. 1101101. ibid. 682. 11111111 11111Ἴ1111, 11116. 1155.
997. 11111 11111, 11. 01011. 617. 011111. 1711λ11 ‘Exim ’11111110 111 Ἴλαν, 111.
Elem·- 952. 1111111 11119, 17111 11111111, Ε10011. 1281.
111. 1011. 516. 11 111111 n} 111111γ11111101111 Εἵ91,11111110.ο111111161,1111’110111,1.1100. 1059.
mm, 1111111111. 292. 1171, >apim ii. 2111011165. ii. 11106. 1. iii. Hipp.
χ1Ι1ι11191η11116. 404. 01911111196111111 250. 1077.1081. 1112. 1584. et 1415.
nipe, 111. Dm· 91. 1111111 1111111111, 1. 111. Alcest. 467. 552. 755. et 1121.11.
Heu 664. 1111111161111111111, 1111111. Androm. 295. 522. 854. et 1171. iv.
’10110576 1111 11 1111111 1111111 81117, 81111111. 851. 011056. 11. 11111. Aul. 666.
11116. 1254. 1191711 1111111, 1. Rhoe. 65. 1.11111.Τ11111’.440. 1. Rhe& 105. 01565.
1111111 117111 1191111, ibid. 970. 1111 1111111 v. Troad. 210. 0109011910111. 1241.
111011111111601111. 1514111161 111111 1111111111. 52. 131. et 740. 111. Ion. 1411.
1111111,1.111101.952. 111111 11111γῦ1 1111γ111 111. Electr. 282. 011061. 111. Ε10011111.
11111111111111,1.Ηο0. 1094. 11 11γ.. Fr. 1· 58. vii. llipp. Fr. 111. 1. et vii.
111, 61111111. 401. 1111191, 1. libes. 9111101111.
94911111,ἰρ’1χ11”111111”111111,111000. 2111ζ111. 1191111111μᾶ1 11111111 11. Phoen.
657. r 111111111111191111111111191111, 451. 11111ζν 1111111 11111 111111ζ11111111, 11.
11010 108. 1111 11111111ζ111μ1, ibid. Iph. Aul. 845. 11111111 1111111, 1. 111101.
281. 11111 ,nm r' 1111 11116111 011111, 280. 1111111111 111. 11111111, 11116. 798. 01.
71111. 646111111111111111111. 1011. 1187. 11. Helen. 420. 111111ζ11 1111, 1. Τ1006.
06101. 1960. 17111911 11111 1111111 γήμας 165. 111 1111111111, 11. Bacch. 1067. 11111-
96111, 111. 810011. 926. 11111111 1111111111 <opu 1116111, 11. 11011101. 677. 1119111911
ζὶκ1,111.1110061.976.1011111χ1111“111- 1111111, 111. Herc. Fur. 715. auito&
911, 11. 11111. Aul· 191. 711191 1111 ’111111 1111171111 1111111 1111111 - 91611111 11111111
-11111111111, 11116. 1509. 1111 11111111 1111 7111111, 111. Bell. Fr. 11. 8. 1111111111ζο
1111111, v. lpb. Taur. 151. 711191, vi. 11111171,111.61.1110.ο11111ἰιι.1111χῃμᾶ11-
11011629. 01111. Herc. Fur. 1026. 1111111194111111, 11910011930. 1111111
§Iam 11111χὲ11 11119111, 111. 11011101. 896. 1111119111 1111111, ibid. 124211111111111-
Mn 1111 «araim, 111. 1011. 1278. 1111- 911, iii. 1110011. 559.

 

