ΑΔΚ 50 ΔΛΔ

-511111711 75771,111. 1111111. 111115. 11110. 1961. wls bustam 11. Med.
dmi 111111111101111171115111117111711. 1165. 5171151111111 115117 7115111 1111115-
Phoen. Fr. 1. 9. 11151 aueum, vii. 111, 111. 1119911. 677. lubia -11111
19171117. 7.5. 51111 111γὸ1 51111, 7. 11111. Τ1111. 194.
'Anb- 710. 5111. 17111 811717 5115111 7χυ, 71. Bacch· 58.
’1111ΐ11.11111511111’11,71. 1191911. 1151. ab? 5111ξ171111171111711, 11110. 450. 51111

‘ ’11111 um, v. 11011511. 11111.. ..’..., 1111 1111. ludgunum.
’111111111711111 mnan, 1. Η99. 997. 71. 1191911. 855. Anu· 157175115ξ117’ ‘

11111 ” {bv ι’λιῇ 1. 01911. 685. 51ιῇ 7’ imi, 11110. 1545. 11111 11711111 mg&
151 1-1511111’ 51, 11110. 705. 1ny 51151111, 711. Elem· 89. 1111111717 71111
11111,ἰὶ Pboen· 981. 1711111711 1111111 5111111111, 11110. 740. 711111 mis 111-
7181117 17111, 11110. 489. 71115111111111- χ111 575111111119, 11. Med. 964. 111151-
781, 11110. 876. 11111 51111, ibid. 1114. nn 181115171110111111. 1.1. 7. lph.
91. 91111117. 1581. 91711. Bell· Fr· 117. 5. Τ1111. 998. 7χ711 5114511181, 711. Electr. .
17 717’ 5111771101, 11. Ρ111911. 1274. 7. 105. Δ111 51151181111111, 17. Iph. 11111.
111017. 770111. 791. et 71111970. Fur. 797.

195. 91596. mi 11 511111, 11. Med. ’11111811 1171191111119111111117111
266. 51111 m' 1111171-1111151, 17. An· 1. 01911. 972. 8111111111 11171, 711. 1611.
drom- 28. 1111711 17111111 7111 511111, 1401.

11110. 1158. 11111117 1111111 11 1111117. ’11111111111111111111111111111111111
suppl· 689. {wiht 5111111110. 698. Ion. 1070.

51111111111111111111751, 7. Rha 979. ’1111911 51111 5111817 7111111171.. 1.
1111101111 75111711 5111177, 11110. 579. 711 01911.1419.710.91111117.1485.11.Ρ111911.
1111111 11110. 704. 11911117 11 111111, ibid. 1965. v. 1111.Το111. 590. 9171111170. Fur.
769101311111.11.Η9711.711.Φ 1151 75. 511181171811, 11. Med· 575. 5111·
11511117, 71. 1191911. 42. 7. 91111117. 980. 91 811 11111711, 5111817, 711. lon. 1478. 1151
1878. 711 11717 511111 7’ 11111571, 711. 11117117115111811, 711. Ε19911111. Fr. 1.
11979. Fur. 145. 2) Dor· 5115. 811711 7. 17111 5111111 5111181711, 111. 1111111.
1115111111. 07911. 1408.Ἀ1111511157, 1109.

1110. 1492. 1111191111 757 7117 511151, 11.’Δ1.1181,17. 1111111111647.

Phoen. 964. 5111ῑ1111175111,17. 101101131111111. ’11111111 51111111, 11111911. 906.
767. 11111 roan-inm 1111111, 71. 11971191. Ἀλλιιιῦν. 17111711715155711111111111111, 17.
761. 1115111717 51157, 711. 1011. 909. 81111111. 954.
1111111101,11111.184.11111...11111,’111.1. 51111 17111 5111, 1. 1199. 595.
ibid. 487. 7111717171 7111117111 51113 711. 5117151111711111111111711711, 11. Phoen.
11979. Fur. 458. 7117 ’51111111 51151, 189. 51111717 51111 81131 71 1518157111
11110. 809. 8) 8911191111 plur· 11111151111 111111, 111. Hipp· 105. 511115111711711·
51151, 7. 1111111980. 111, 17. 8119111498. obn 51111, 1171111
'unam 17 ymni} 5 51111111, 1. 019111. χ111,17.11111.8111.1178511115111111151-

745. 1711 91111111, οὔτ’ 51111111 1719111, 1111171111 11117111, 711. OEn. Fr. 1v. 51111
11110. 1901. 1115111111511171, 17. 81111111. 1111 5111111111 mummi& vii. Temen.
654. 11 71ἶ111171ΐ711 51111111, 11110. 787. 1111111. u' 17111111 11111 5111, 1117111111,
11717 51111111, 7. 111191. 948. 1111151111 1. 1199. 594. 51111 5111811. 7. 5111811.
1111, 711. Η919. Fur. 157. tuma· 11111111 'mm 1111111110 1151 51111 511111
9171 5111111110, 17. 81111111. 551. 1111711 1711111,1.07911.1196.91.911111117.1449·
51111111,711.1”7.1170971. Β. 14.4.1.1111χ111 1459. 911469. iv. Suppl. 493. 71. 110-
51111111 11511111, 71. 11911191. 688. 51111111 1911. 198. 91 711. 11979. Fur. 967. 51117’
81111, ibid· 815. 9151111171111, 711. Ar· 511111, 11. Μ90. 1188. 917. 116911. 1195.
91191. 1111. 1. Aa< 1111151171, 11. 15711ιῖ11111,7.11111.Τ1111.789. md
Ρ110111.755. 111111111111111,11.8011>1. 57111178 111151 1111111, 71. Helen. 559.
174. · 7178 57 mol, 711. 1611. 1254.

'Am 1170 sallem dictum: 1. 01911. 1579. ’.411171 moi 11111111115111, 1. 1199. 98.
11. Phoen. 1681. 911765. 11. Med· 988. 11111111 11117111 51117’ 511111, 11. Med:
71. 1197111. 565. 711. 1011499. 976. et 1188. 11111ζ11’.11111’11111, 111. ,410911
1505. 91 711. 11979. Fur. 551. 199. 51111’1115111117111“111, 7. Τ70111.

’1111 adverb. 0011170. 1111111110, 71. 67.

1197191. 778. 91711. 1011. 1601 ’1111711111 11 11117511171111, 711. 1011. 609.
'mamam 711. 1119111117. Fr. 71. 6. 1ae 1111111111 mnus, 17. Androm. 157.
’1111111117,79111·117. 511511111 1111181115- 17) 511171111191111111, vii. Electr. 1815.

11111, 1. Η99. 481. 11111117 1111511111), 7111117111 11111117 nui, 1. Η99. 1299.
11. Phoen. 79. ,115115 91111 1111411717, 7111117111 1111 '76⁸⁰’ 71. 1191911. 907. 1111-

 

